750
594
8 999
368 666
840 185
817 191
134 934
832 224
544 484
619 207
91 892
51 916
413 659
236 731
409 427
915 876
242 598
408 445
405 492
204 600
32 66
27 945
394 636
304 717
327 668
155 788
612 331
169 696
40 58
289 564
133 806
243 752
318 676
521 324
856 117
814 79
936
482 510
386 685
344 512
511 363
339 558
415 635
99 828
146 753
581 253
438 634
20 980
414 577
182 882
796 97
105 898
44 909
458 589
835 996
525 428
101 901
118 749
162 699
249 587
846 175
157 911
513 542
591
553 306
244 595
297 759
841 967
744 152
982 981
114 750
721 180
469 418
953 818
475 552
341 523
262 578
661 190
94 798
372 496
825 46
797 84
153 883
392 449
760 71
861 979
383 637
571 385
26 941
345 628
490 529
697 128
401 683
995 968
960 64
664 171
984 810
813 237
144 927
677
885 69
820
109
543 322
629
12 85
705 116
795 104
735 295
765 269
447 618
494 498
124 758
150 884
130 824
837 54
454 607
686 395
138 781
387
88 902
670 399
847 53
740 291
770 257
252 590
481 548
285 789
67 904
929 68
534 266
108 783
947 834
622 198
470 403
52 897
528 288
812
988 119
566 238
199 657
461 586
376 660
912 206
6 774
743
471 398
231 773
932 161
609 226
272
321 710
993 928
151 715
891 949
183 603
195 782
714 310
536
147 919
620 419
615 221
801 55
537 487
652
5
662 218
129 990
894 974
903 930
156 918
50
93 37
200 762
716 337
800 248
422 632
424 631
48
991 961
617 466
263 568
80 57
675 143
74
100
583 359
256 700
382 495
455 535
402 673
313
956 158
573 234
483
165 711
751 264
355 517
815
410 633
643 271
49 910
350 563
205
879 76
862 958
407 580
216
115 0
808 246
853 965
726 335
452 608
31 940
10 946
373 501
189
724
737 126
896
881 214
858 215
707
977 131
937 838
638
518 464
794 59
388 599
286
78
442
15 985
973 36
857 96
411
365 503
695 160
468
202
562 390
943 61
87
653 223
139
550
137 793
30 82
325
644
309
444 630
665 417
273 585
9
434 465
270 720
723
499
307 698
188 871
371 601
718
254
674 432
227 651
833 2
681 168
474 338
426 478
920 65
259 816
866 95
852
89
443 545
336 579
463
457
72 868
154
701 384
18 769
437 375
952 47
22
775
441
29
873 86
23
567
596
251
663
480
222
514
547 250
92
173 684
805 102
320
913
459 353
247
255
855
25
602
872 957
330 709
107
13
606
230
497
703 343
197
60
19
298
11
604
28
1
572 366
70
265
516
522 527
504
166
296
479
559
302
367
997
290 582
275
34
314
625 280
986
763 123
241
329
347
98
140
524 476
113
624 172
212
174
704
279
145
768
7
614
176
132
112
14
43
106
746
170
35
358
233
141
994
193
81
450
228
281
24
125
951
570
4
167
799
453
689 163
203
21
860
83
45
209
777
148
245
210
406
446
924
196
436
584
412
3
576
62
16
73
931
41
433
605
964
849
627
959
178
839
38
208
645
149
532
877
260
767
867
328
393
225
179
194
467
17
127
217
75
616
755
184
187
110
293
261
472
725
907
688
258
111
423
756
899
239
39
90
274
301
488
736
211
287
164
311
276
42
284
283
732
565
192
292
648
509
557
77
213
103
294
159
370
404
546
181
730
303
267
692
120
889
316
334
356
933
142
362
342
352
761
998
299
186
430
333
219
278
357
201
121
136
312
803
451
745
220
319
277
361
778
332
416
888
702
348
439
923
323
135
850
349
340
500
647
561
354
539
508
574
807
391
908
712
431
533
728
925
240
268
435
232
229
317
486
300
754
926
440
719
962
460
654
549
177
364
473
360
369
554
456
282
611
741
235
519
379
389
425
374
377
346
378
575
802
831
477
33
597
526
939
462
429
326
502
623
397
950
381
848
531
507
489
641
992
506
315
650
396
448
682
613
727
305
56
593
400
493
551
530
380
687
669
865
679
819
658
485
921
809
351
491
626
893
421
541
942
122
538
640
742
556
733
515
569
671
776
655
649
734
555
540
592
842
610
520
588
646
680
642
863
693
621
656
678
747
729
922
880
639
706
836
672
708
886
420
811
843
822
713
764
821
830
560
771
667
691
787
792
722
978
739
779
963
804
63
505
308
690
790
969
844
823
948
987
878
829
827
864
786
738
905
975
766
784
874
757
791
694
854
748
906
845
851
859
772
935
875
966
890
826
914
780
955
785
869
887
870
970
938
895
944
900
972
954
917
976
971
983
989
